{
 "cells": [
  {
   "cell_type": "code",
   "execution_count": 1,
   "metadata": {},
   "outputs": [],
   "source": [
    "import matplotlib.pyplot as plt\n",
    "import plotly.express as px\n",
    "import pandas as pd\n",
    "import numpy as np\n",
    "import sklearn.preprocessing\n",
    "import dash\n",
    "import seaborn as sns\n"
   ]
  },
  {
   "cell_type": "markdown",
   "metadata": {},
   "source": [
    "for this assignment i took the help of:\n",
    "https://www.geeksforgeeks.org/ordinary-least-squares-ols-using-statsmodels/\n",
    "\n",
    "https://scikit-learn.org/stable/modules/generated/sklearn.linear_model.Lasso.html#:~:text=Returns%20predicted%20values.,y_true%20%2D%20y_pred)**%202).\n",
    "\n",
    "https://www.geeksforgeeks.org/ml-implementing-l1-and-l2-regularization-using-sklearn/\n"
   ]
  },
  {
   "cell_type": "code",
   "execution_count": 2,
   "metadata": {},
   "outputs": [
    {
     "data": {
      "text/html": [
       "<div>\n",
       "<style scoped>\n",
       "    .dataframe tbody tr th:only-of-type {\n",
       "        vertical-align: middle;\n",
       "    }\n",
       "\n",
       "    .dataframe tbody tr th {\n",
       "        vertical-align: top;\n",
       "    }\n",
       "\n",
       "    .dataframe thead th {\n",
       "        text-align: right;\n",
       "    }\n",
       "</style>\n",
       "<table border=\"1\" class=\"dataframe\">\n",
       "  <thead>\n",
       "    <tr style=\"text-align: right;\">\n",
       "      <th></th>\n",
       "      <th>Country</th>\n",
       "      <th>Year</th>\n",
       "      <th>Status</th>\n",
       "      <th>Life expectancy</th>\n",
       "      <th>Adult Mortality</th>\n",
       "      <th>infant deaths</th>\n",
       "      <th>Alcohol</th>\n",
       "      <th>percentage expenditure</th>\n",
       "      <th>Hepatitis B</th>\n",
       "      <th>Measles</th>\n",
       "      <th>...</th>\n",
       "      <th>Polio</th>\n",
       "      <th>Total expenditure</th>\n",
       "      <th>Diphtheria</th>\n",
       "      <th>HIV/AIDS</th>\n",
       "      <th>GDP</th>\n",
       "      <th>Population</th>\n",
       "      <th>thinness  1-19 years</th>\n",
       "      <th>thinness 5-9 years</th>\n",
       "      <th>Income composition of resources</th>\n",
       "      <th>Schooling</th>\n",
       "    </tr>\n",
       "  </thead>\n",
       "  <tbody>\n",
       "    <tr>\n",
       "      <th>0</th>\n",
       "      <td>Afghanistan</td>\n",
       "      <td>2015</td>\n",
       "      <td>Developing</td>\n",
       "      <td>65.0</td>\n",
       "      <td>263.0</td>\n",
       "      <td>62</td>\n",
       "      <td>0.01</td>\n",
       "      <td>71.279624</td>\n",
       "      <td>65.0</td>\n",
       "      <td>1154</td>\n",
       "      <td>...</td>\n",
       "      <td>6.0</td>\n",
       "      <td>8.16</td>\n",
       "      <td>65.0</td>\n",
       "      <td>0.1</td>\n",
       "      <td>584.259210</td>\n",
       "      <td>33736494.0</td>\n",
       "      <td>17.2</td>\n",
       "      <td>17.3</td>\n",
       "      <td>0.479</td>\n",
       "      <td>10.1</td>\n",
       "    </tr>\n",
       "    <tr>\n",
       "      <th>1</th>\n",
       "      <td>Afghanistan</td>\n",
       "      <td>2014</td>\n",
       "      <td>Developing</td>\n",
       "      <td>59.9</td>\n",
       "      <td>271.0</td>\n",
       "      <td>64</td>\n",
       "      <td>0.01</td>\n",
       "      <td>73.523582</td>\n",
       "      <td>62.0</td>\n",
       "      <td>492</td>\n",
       "      <td>...</td>\n",
       "      <td>58.0</td>\n",
       "      <td>8.18</td>\n",
       "      <td>62.0</td>\n",
       "      <td>0.1</td>\n",
       "      <td>612.696514</td>\n",
       "      <td>327582.0</td>\n",
       "      <td>17.5</td>\n",
       "      <td>17.5</td>\n",
       "      <td>0.476</td>\n",
       "      <td>10.0</td>\n",
       "    </tr>\n",
       "    <tr>\n",
       "      <th>2</th>\n",
       "      <td>Afghanistan</td>\n",
       "      <td>2013</td>\n",
       "      <td>Developing</td>\n",
       "      <td>59.9</td>\n",
       "      <td>268.0</td>\n",
       "      <td>66</td>\n",
       "      <td>0.01</td>\n",
       "      <td>73.219243</td>\n",
       "      <td>64.0</td>\n",
       "      <td>430</td>\n",
       "      <td>...</td>\n",
       "      <td>62.0</td>\n",
       "      <td>8.13</td>\n",
       "      <td>64.0</td>\n",
       "      <td>0.1</td>\n",
       "      <td>631.744976</td>\n",
       "      <td>31731688.0</td>\n",
       "      <td>17.7</td>\n",
       "      <td>17.7</td>\n",
       "      <td>0.470</td>\n",
       "      <td>9.9</td>\n",
       "    </tr>\n",
       "    <tr>\n",
       "      <th>3</th>\n",
       "      <td>Afghanistan</td>\n",
       "      <td>2012</td>\n",
       "      <td>Developing</td>\n",
       "      <td>59.5</td>\n",
       "      <td>272.0</td>\n",
       "      <td>69</td>\n",
       "      <td>0.01</td>\n",
       "      <td>78.184215</td>\n",
       "      <td>67.0</td>\n",
       "      <td>2787</td>\n",
       "      <td>...</td>\n",
       "      <td>67.0</td>\n",
       "      <td>8.52</td>\n",
       "      <td>67.0</td>\n",
       "      <td>0.1</td>\n",
       "      <td>669.959000</td>\n",
       "      <td>3696958.0</td>\n",
       "      <td>17.9</td>\n",
       "      <td>18.0</td>\n",
       "      <td>0.463</td>\n",
       "      <td>9.8</td>\n",
       "    </tr>\n",
       "    <tr>\n",
       "      <th>4</th>\n",
       "      <td>Afghanistan</td>\n",
       "      <td>2011</td>\n",
       "      <td>Developing</td>\n",
       "      <td>59.2</td>\n",
       "      <td>275.0</td>\n",
       "      <td>71</td>\n",
       "      <td>0.01</td>\n",
       "      <td>7.097109</td>\n",
       "      <td>68.0</td>\n",
       "      <td>3013</td>\n",
       "      <td>...</td>\n",
       "      <td>68.0</td>\n",
       "      <td>7.87</td>\n",
       "      <td>68.0</td>\n",
       "      <td>0.1</td>\n",
       "      <td>63.537231</td>\n",
       "      <td>2978599.0</td>\n",
       "      <td>18.2</td>\n",
       "      <td>18.2</td>\n",
       "      <td>0.454</td>\n",
       "      <td>9.5</td>\n",
       "    </tr>\n",
       "  </tbody>\n",
       "</table>\n",
       "<p>5 rows × 22 columns</p>\n",
       "</div>"
      ],
      "text/plain": [
       "       Country  Year      Status  Life expectancy   Adult Mortality  \\\n",
       "0  Afghanistan  2015  Developing              65.0            263.0   \n",
       "1  Afghanistan  2014  Developing              59.9            271.0   \n",
       "2  Afghanistan  2013  Developing              59.9            268.0   \n",
       "3  Afghanistan  2012  Developing              59.5            272.0   \n",
       "4  Afghanistan  2011  Developing              59.2            275.0   \n",
       "\n",
       "   infant deaths  Alcohol  percentage expenditure  Hepatitis B  Measles   ...  \\\n",
       "0             62     0.01               71.279624         65.0      1154  ...   \n",
       "1             64     0.01               73.523582         62.0       492  ...   \n",
       "2             66     0.01               73.219243         64.0       430  ...   \n",
       "3             69     0.01               78.184215         67.0      2787  ...   \n",
       "4             71     0.01                7.097109         68.0      3013  ...   \n",
       "\n",
       "   Polio  Total expenditure  Diphtheria    HIV/AIDS         GDP  Population  \\\n",
       "0    6.0               8.16         65.0        0.1  584.259210  33736494.0   \n",
       "1   58.0               8.18         62.0        0.1  612.696514    327582.0   \n",
       "2   62.0               8.13         64.0        0.1  631.744976  31731688.0   \n",
       "3   67.0               8.52         67.0        0.1  669.959000   3696958.0   \n",
       "4   68.0               7.87         68.0        0.1   63.537231   2978599.0   \n",
       "\n",
       "    thinness  1-19 years   thinness 5-9 years  \\\n",
       "0                   17.2                 17.3   \n",
       "1                   17.5                 17.5   \n",
       "2                   17.7                 17.7   \n",
       "3                   17.9                 18.0   \n",
       "4                   18.2                 18.2   \n",
       "\n",
       "   Income composition of resources  Schooling  \n",
       "0                            0.479       10.1  \n",
       "1                            0.476       10.0  \n",
       "2                            0.470        9.9  \n",
       "3                            0.463        9.8  \n",
       "4                            0.454        9.5  \n",
       "\n",
       "[5 rows x 22 columns]"
      ]
     },
     "execution_count": 2,
     "metadata": {},
     "output_type": "execute_result"
    }
   ],
   "source": [
    "df = pd.read_csv(\"Life Expectancy Data.csv\")\n",
    "df.head()"
   ]
  },
  {
   "cell_type": "code",
   "execution_count": 3,
   "metadata": {},
   "outputs": [
    {
     "data": {
      "text/plain": [
       "Index(['Country', 'Year', 'Status', 'Life expectancy ', 'Adult Mortality',\n",
       "       'infant deaths', 'Alcohol', 'percentage expenditure', 'Hepatitis B',\n",
       "       'Measles ', ' BMI ', 'under-five deaths ', 'Polio', 'Total expenditure',\n",
       "       'Diphtheria ', ' HIV/AIDS', 'GDP', 'Population',\n",
       "       ' thinness  1-19 years', ' thinness 5-9 years',\n",
       "       'Income composition of resources', 'Schooling'],\n",
       "      dtype='object')"
      ]
     },
     "execution_count": 3,
     "metadata": {},
     "output_type": "execute_result"
    }
   ],
   "source": [
    "df.columns"
   ]
  },
  {
   "cell_type": "code",
   "execution_count": 4,
   "metadata": {},
   "outputs": [
    {
     "data": {
      "text/plain": [
       "(2938, 22)"
      ]
     },
     "execution_count": 4,
     "metadata": {},
     "output_type": "execute_result"
    }
   ],
   "source": [
    "df.shape"
   ]
  },
  {
   "cell_type": "code",
   "execution_count": 5,
   "metadata": {},
   "outputs": [
    {
     "name": "stdout",
     "output_type": "stream",
     "text": [
      "Country                              0\n",
      "Year                                 0\n",
      "Status                               0\n",
      "Life expectancy                     10\n",
      "Adult Mortality                     10\n",
      "infant deaths                        0\n",
      "Alcohol                            194\n",
      "percentage expenditure               0\n",
      "Hepatitis B                        553\n",
      "Measles                              0\n",
      " BMI                                34\n",
      "under-five deaths                    0\n",
      "Polio                               19\n",
      "Total expenditure                  226\n",
      "Diphtheria                          19\n",
      " HIV/AIDS                            0\n",
      "GDP                                448\n",
      "Population                         652\n",
      " thinness  1-19 years               34\n",
      " thinness 5-9 years                 34\n",
      "Income composition of resources    167\n",
      "Schooling                          163\n",
      "dtype: int64\n"
     ]
    }
   ],
   "source": [
    "nu = df.isnull().sum()\n",
    "print(nu)"
   ]
  },
  {
   "cell_type": "code",
   "execution_count": 6,
   "metadata": {},
   "outputs": [
    {
     "name": "stdout",
     "output_type": "stream",
     "text": [
      "Country                            0\n",
      "Year                               0\n",
      "Status                             0\n",
      "Life expectancy                    0\n",
      "Adult Mortality                    0\n",
      "infant deaths                      0\n",
      "Alcohol                            0\n",
      "percentage expenditure             0\n",
      "Hepatitis B                        0\n",
      "Measles                            0\n",
      " BMI                               0\n",
      "under-five deaths                  0\n",
      "Polio                              0\n",
      "Total expenditure                  0\n",
      "Diphtheria                         0\n",
      " HIV/AIDS                          0\n",
      "GDP                                0\n",
      "Population                         0\n",
      " thinness  1-19 years              0\n",
      " thinness 5-9 years                0\n",
      "Income composition of resources    0\n",
      "Schooling                          0\n",
      "dtype: int64\n",
      "(1649, 22)\n"
     ]
    }
   ],
   "source": [
    "df.replace([np.inf, -np.inf], np.nan, inplace=True)\n",
    "df.dropna(axis=0, how='any', thresh=None, subset=None, inplace=True)\n",
    "df.reset_index()\n",
    "nu = df.isnull().sum()\n",
    "print(nu)\n",
    "print(df.shape)"
   ]
  },
  {
   "cell_type": "code",
   "execution_count": null,
   "metadata": {},
   "outputs": [],
   "source": [
    "\n",
    "\n",
    "\n",
    "\n"
   ]
  },
  {
   "cell_type": "code",
   "execution_count": 7,
   "metadata": {},
   "outputs": [
    {
     "name": "stdout",
     "output_type": "stream",
     "text": [
      "(1649, 22)\n"
     ]
    }
   ],
   "source": [
    "print(df.shape)"
   ]
  },
  {
   "cell_type": "code",
   "execution_count": 8,
   "metadata": {},
   "outputs": [
    {
     "data": {
      "text/html": [
       "<div>\n",
       "<style scoped>\n",
       "    .dataframe tbody tr th:only-of-type {\n",
       "        vertical-align: middle;\n",
       "    }\n",
       "\n",
       "    .dataframe tbody tr th {\n",
       "        vertical-align: top;\n",
       "    }\n",
       "\n",
       "    .dataframe thead th {\n",
       "        text-align: right;\n",
       "    }\n",
       "</style>\n",
       "<table border=\"1\" class=\"dataframe\">\n",
       "  <thead>\n",
       "    <tr style=\"text-align: right;\">\n",
       "      <th></th>\n",
       "      <th>Year</th>\n",
       "      <th>Life expectancy</th>\n",
       "      <th>Adult Mortality</th>\n",
       "      <th>infant deaths</th>\n",
       "      <th>Alcohol</th>\n",
       "      <th>percentage expenditure</th>\n",
       "      <th>Hepatitis B</th>\n",
       "      <th>Measles</th>\n",
       "      <th>BMI</th>\n",
       "      <th>under-five deaths</th>\n",
       "      <th>Polio</th>\n",
       "      <th>Total expenditure</th>\n",
       "      <th>Diphtheria</th>\n",
       "      <th>HIV/AIDS</th>\n",
       "      <th>GDP</th>\n",
       "      <th>Population</th>\n",
       "      <th>thinness  1-19 years</th>\n",
       "      <th>thinness 5-9 years</th>\n",
       "      <th>Income composition of resources</th>\n",
       "      <th>Schooling</th>\n",
       "    </tr>\n",
       "  </thead>\n",
       "  <tbody>\n",
       "    <tr>\n",
       "      <th>Year</th>\n",
       "      <td>1.000000</td>\n",
       "      <td>0.050771</td>\n",
       "      <td>-0.037092</td>\n",
       "      <td>0.008029</td>\n",
       "      <td>-0.113365</td>\n",
       "      <td>0.069553</td>\n",
       "      <td>0.114897</td>\n",
       "      <td>-0.053822</td>\n",
       "      <td>0.005739</td>\n",
       "      <td>0.010479</td>\n",
       "      <td>-0.016699</td>\n",
       "      <td>0.059493</td>\n",
       "      <td>0.029641</td>\n",
       "      <td>-0.123405</td>\n",
       "      <td>0.096421</td>\n",
       "      <td>0.012567</td>\n",
       "      <td>0.019757</td>\n",
       "      <td>0.014122</td>\n",
       "      <td>0.122892</td>\n",
       "      <td>0.088732</td>\n",
       "    </tr>\n",
       "    <tr>\n",
       "      <th>Life expectancy</th>\n",
       "      <td>0.050771</td>\n",
       "      <td>1.000000</td>\n",
       "      <td>-0.702523</td>\n",
       "      <td>-0.169074</td>\n",
       "      <td>0.402718</td>\n",
       "      <td>0.409631</td>\n",
       "      <td>0.199935</td>\n",
       "      <td>-0.068881</td>\n",
       "      <td>0.542042</td>\n",
       "      <td>-0.192265</td>\n",
       "      <td>0.327294</td>\n",
       "      <td>0.174718</td>\n",
       "      <td>0.341331</td>\n",
       "      <td>-0.592236</td>\n",
       "      <td>0.441322</td>\n",
       "      <td>-0.022305</td>\n",
       "      <td>-0.457838</td>\n",
       "      <td>-0.457508</td>\n",
       "      <td>0.721083</td>\n",
       "      <td>0.727630</td>\n",
       "    </tr>\n",
       "    <tr>\n",
       "      <th>Adult Mortality</th>\n",
       "      <td>-0.037092</td>\n",
       "      <td>-0.702523</td>\n",
       "      <td>1.000000</td>\n",
       "      <td>0.042450</td>\n",
       "      <td>-0.175535</td>\n",
       "      <td>-0.237610</td>\n",
       "      <td>-0.105225</td>\n",
       "      <td>-0.003967</td>\n",
       "      <td>-0.351542</td>\n",
       "      <td>0.060365</td>\n",
       "      <td>-0.199853</td>\n",
       "      <td>-0.085227</td>\n",
       "      <td>-0.191429</td>\n",
       "      <td>0.550691</td>\n",
       "      <td>-0.255035</td>\n",
       "      <td>-0.015012</td>\n",
       "      <td>0.272230</td>\n",
       "      <td>0.286723</td>\n",
       "      <td>-0.442203</td>\n",
       "      <td>-0.421171</td>\n",
       "    </tr>\n",
       "    <tr>\n",
       "      <th>infant deaths</th>\n",
       "      <td>0.008029</td>\n",
       "      <td>-0.169074</td>\n",
       "      <td>0.042450</td>\n",
       "      <td>1.000000</td>\n",
       "      <td>-0.106217</td>\n",
       "      <td>-0.090765</td>\n",
       "      <td>-0.231769</td>\n",
       "      <td>0.532680</td>\n",
       "      <td>-0.234425</td>\n",
       "      <td>0.996906</td>\n",
       "      <td>-0.156929</td>\n",
       "      <td>-0.146951</td>\n",
       "      <td>-0.161871</td>\n",
       "      <td>0.007712</td>\n",
       "      <td>-0.098092</td>\n",
       "      <td>0.671758</td>\n",
       "      <td>0.463415</td>\n",
       "      <td>0.461908</td>\n",
       "      <td>-0.134754</td>\n",
       "      <td>-0.214372</td>\n",
       "    </tr>\n",
       "    <tr>\n",
       "      <th>Alcohol</th>\n",
       "      <td>-0.113365</td>\n",
       "      <td>0.402718</td>\n",
       "      <td>-0.175535</td>\n",
       "      <td>-0.106217</td>\n",
       "      <td>1.000000</td>\n",
       "      <td>0.417047</td>\n",
       "      <td>0.109889</td>\n",
       "      <td>-0.050110</td>\n",
       "      <td>0.353396</td>\n",
       "      <td>-0.101082</td>\n",
       "      <td>0.240315</td>\n",
       "      <td>0.214885</td>\n",
       "      <td>0.242951</td>\n",
       "      <td>-0.027113</td>\n",
       "      <td>0.443433</td>\n",
       "      <td>-0.028880</td>\n",
       "      <td>-0.403755</td>\n",
       "      <td>-0.386208</td>\n",
       "      <td>0.561074</td>\n",
       "      <td>0.616975</td>\n",
       "    </tr>\n",
       "  </tbody>\n",
       "</table>\n",
       "</div>"
      ],
      "text/plain": [
       "                      Year  Life expectancy   Adult Mortality  infant deaths  \\\n",
       "Year              1.000000          0.050771        -0.037092       0.008029   \n",
       "Life expectancy   0.050771          1.000000        -0.702523      -0.169074   \n",
       "Adult Mortality  -0.037092         -0.702523         1.000000       0.042450   \n",
       "infant deaths     0.008029         -0.169074         0.042450       1.000000   \n",
       "Alcohol          -0.113365          0.402718        -0.175535      -0.106217   \n",
       "\n",
       "                   Alcohol  percentage expenditure  Hepatitis B  Measles   \\\n",
       "Year             -0.113365                0.069553     0.114897 -0.053822   \n",
       "Life expectancy   0.402718                0.409631     0.199935 -0.068881   \n",
       "Adult Mortality  -0.175535               -0.237610    -0.105225 -0.003967   \n",
       "infant deaths    -0.106217               -0.090765    -0.231769  0.532680   \n",
       "Alcohol           1.000000                0.417047     0.109889 -0.050110   \n",
       "\n",
       "                      BMI   under-five deaths      Polio  Total expenditure  \\\n",
       "Year              0.005739            0.010479 -0.016699           0.059493   \n",
       "Life expectancy   0.542042           -0.192265  0.327294           0.174718   \n",
       "Adult Mortality  -0.351542            0.060365 -0.199853          -0.085227   \n",
       "infant deaths    -0.234425            0.996906 -0.156929          -0.146951   \n",
       "Alcohol           0.353396           -0.101082  0.240315           0.214885   \n",
       "\n",
       "                  Diphtheria    HIV/AIDS       GDP  Population  \\\n",
       "Year                 0.029641  -0.123405  0.096421    0.012567   \n",
       "Life expectancy      0.341331  -0.592236  0.441322   -0.022305   \n",
       "Adult Mortality     -0.191429   0.550691 -0.255035   -0.015012   \n",
       "infant deaths       -0.161871   0.007712 -0.098092    0.671758   \n",
       "Alcohol              0.242951  -0.027113  0.443433   -0.028880   \n",
       "\n",
       "                   thinness  1-19 years   thinness 5-9 years  \\\n",
       "Year                           0.019757             0.014122   \n",
       "Life expectancy               -0.457838            -0.457508   \n",
       "Adult Mortality                0.272230             0.286723   \n",
       "infant deaths                  0.463415             0.461908   \n",
       "Alcohol                       -0.403755            -0.386208   \n",
       "\n",
       "                  Income composition of resources  Schooling  \n",
       "Year                                     0.122892   0.088732  \n",
       "Life expectancy                          0.721083   0.727630  \n",
       "Adult Mortality                         -0.442203  -0.421171  \n",
       "infant deaths                           -0.134754  -0.214372  \n",
       "Alcohol                                  0.561074   0.616975  "
      ]
     },
     "execution_count": 8,
     "metadata": {},
     "output_type": "execute_result"
    }
   ],
   "source": [
    "df.corr().head()"
   ]
  },
  {
   "cell_type": "code",
   "execution_count": 9,
   "metadata": {},
   "outputs": [
    {
     "data": {
      "application/vnd.plotly.v1+json": {
       "config": {
        "plotlyServerURL": "https://plot.ly"
       },
       "data": [
        {
         "coloraxis": "coloraxis",
         "hovertemplate": "x: %{x}<br>y: %{y}<br>color: %{z}<extra></extra>",
         "name": "0",
         "type": "heatmap",
         "x": [
          "Year",
          "Life expectancy ",
          "Adult Mortality",
          "infant deaths",
          "Alcohol",
          "percentage expenditure",
          "Hepatitis B",
          "Measles ",
          " BMI ",
          "under-five deaths ",
          "Polio",
          "Total expenditure",
          "Diphtheria ",
          " HIV/AIDS",
          "GDP",
          "Population",
          " thinness  1-19 years",
          " thinness 5-9 years",
          "Income composition of resources",
          "Schooling"
         ],
         "xaxis": "x",
         "y": [
          "Year",
          "Life expectancy ",
          "Adult Mortality",
          "infant deaths",
          "Alcohol",
          "percentage expenditure",
          "Hepatitis B",
          "Measles ",
          " BMI ",
          "under-five deaths ",
          "Polio",
          "Total expenditure",
          "Diphtheria ",
          " HIV/AIDS",
          "GDP",
          "Population",
          " thinness  1-19 years",
          " thinness 5-9 years",
          "Income composition of resources",
          "Schooling"
         ],
         "yaxis": "y",
         "z": [
          [
           1,
           0.050771034946768934,
           -0.03709178245433387,
           0.00802912842131356,
           -0.11336476394157947,
           0.0695534682872512,
           0.11489709227287769,
           -0.053822045511548906,
           0.005739060646846459,
           0.010478594191314507,
           -0.016698803420504647,
           0.05949277661796821,
           0.029640585705866113,
           -0.12340499044463564,
           0.09642148485469197,
           0.01256689337748074,
           0.019756611280034142,
           0.01412242223205193,
           0.12289178011110663,
           0.08873178653230088
          ],
          [
           0.050771034946768934,
           1,
           -0.7025230623069735,
           -0.1690738039995967,
           0.402718321727354,
           0.40963082412504687,
           0.1999352763975776,
           -0.0688812221111765,
           0.5420415876915772,
           -0.19226530105304535,
           0.3272944031049289,
           0.17471764064230505,
           0.3413312342606403,
           -0.5922362925926357,
           0.44132180991356496,
           -0.022304977802841897,
           -0.45783819334984416,
           -0.45750828676580096,
           0.7210825929172864,
           0.7276300323211043
          ],
          [
           -0.03709178245433387,
           -0.7025230623069735,
           1,
           0.04245023704032809,
           -0.17553508575848245,
           -0.23760989013786574,
           -0.10522544258930572,
           -0.00396668450741432,
           -0.35154247827451096,
           0.06036502608490277,
           -0.1998530004059598,
           -0.08522653475086901,
           -0.19142875921157268,
           0.5506907453932752,
           -0.2550347325077516,
           -0.015011838123604479,
           0.27223004418323704,
           0.28672288217555714,
           -0.44220328763116346,
           -0.4211705232348179
          ],
          [
           0.00802912842131356,
           -0.1690738039995967,
           0.04245023704032809,
           1,
           -0.10621691728681969,
           -0.09076463246335109,
           -0.23176893692854378,
           0.5326798315447473,
           -0.23442515387117596,
           0.9969056219353224,
           -0.15692880507580892,
           -0.14695111722940113,
           -0.16187100368767537,
           0.00771154732619318,
           -0.09809202043044435,
           0.6717583100250997,
           0.46341525622301777,
           0.46190792452168566,
           -0.13475386311017992,
           -0.21437190029219005
          ],
          [
           -0.11336476394157947,
           0.402718321727354,
           -0.17553508575848245,
           -0.10621691728681969,
           1,
           0.41704735846341157,
           0.10988939237514632,
           -0.05011023458879729,
           0.35339620539045263,
           -0.10108216444515852,
           0.24031453311147946,
           0.21488509406015904,
           0.242951426833254,
           -0.027112636037520683,
           0.4434327894751658,
           -0.02888023244930858,
           -0.4037549896475883,
           -0.3862081893744056,
           0.561074332137327,
           0.6169748090003161
          ],
          [
           0.0695534682872512,
           0.40963082412504687,
           -0.23760989013786574,
           -0.09076463246335109,
           0.41704735846341157,
           1,
           0.0167601726008279,
           -0.06307078856097414,
           0.24273824334180236,
           -0.09215805581353384,
           0.12862605133569857,
           0.18387236479076008,
           0.13481324186082008,
           -0.09508499088595439,
           0.9592988569672184,
           -0.016792141321812965,
           -0.2550346029509551,
           -0.25563544240004926,
           0.40216973584811605,
           0.422088454191989
          ],
          [
           0.11489709227287769,
           0.1999352763975776,
           -0.10522544258930572,
           -0.23176893692854378,
           0.10988939237514632,
           0.0167601726008279,
           1,
           -0.12479999284933868,
           0.1433017864392848,
           -0.24076602981914144,
           0.4633307991718396,
           0.11332668265769096,
           0.5889899269525826,
           -0.09480197056648793,
           0.04184950025350453,
           -0.1297226546503967,
           -0.1294059539799348,
           -0.13325098509557512,
           0.18492097001836738,
           0.21518159338370538
          ],
          [
           -0.053822045511548906,
           -0.0688812221111765,
           -0.00396668450741432,
           0.5326798315447473,
           -0.05011023458879729,
           -0.06307078856097414,
           -0.12479999284933868,
           1,
           -0.15324546413761048,
           0.5175055633419402,
           -0.05785013256906104,
           -0.1135827384332759,
           -0.058605906548631084,
           -0.0035218537602014874,
           -0.06476758967009412,
           0.3219463766227996,
           0.1806415057342373,
           0.17494621729955206,
           -0.05827725578548968,
           -0.11566048090047963
          ],
          [
           0.005739060646846459,
           0.5420415876915772,
           -0.35154247827451096,
           -0.23442515387117596,
           0.35339620539045263,
           0.24273824334180236,
           0.1433017864392848,
           -0.15324546413761048,
           1,
           -0.24213739773028894,
           0.1862679651210562,
           0.18946896373710756,
           0.17629450269591418,
           -0.21089674627313934,
           0.2661139730639117,
           -0.08141598206828445,
           -0.5470175139952642,
           -0.5540939811178432,
           0.51050483068018,
           0.5548439025517072
          ],
          [
           0.010478594191314507,
           -0.19226530105304535,
           0.06036502608490277,
           0.9969056219353224,
           -0.10108216444515852,
           -0.09215805581353384,
           -0.24076602981914144,
           0.5175055633419402,
           -0.24213739773028894,
           1,
           -0.17116418966476749,
           -0.14580310040849545,
           -0.17844818726958073,
           0.01947592699776879,
           -0.1003312627386841,
           0.6586796907106565,
           0.4647846984505456,
           0.4622893812693002,
           -0.14809727582639554,
           -0.22601261739668616
          ],
          [
           -0.016698803420504647,
           0.3272944031049289,
           -0.1998530004059598,
           -0.15692880507580892,
           0.24031453311147946,
           0.12862605133569857,
           0.4633307991718396,
           -0.05785013256906104,
           0.1862679651210562,
           -0.17116418966476749,
           1,
           0.11976798351450432,
           0.6092454669558363,
           -0.10788546790410074,
           0.1568086898165069,
           -0.04538657158389491,
           -0.16406959345408154,
           -0.17448925069180868,
           0.3146815941255956,
           0.3501466010592101
          ],
          [
           0.05949277661796821,
           0.17471764064230505,
           -0.08522653475086901,
           -0.14695111722940113,
           0.21488509406015904,
           0.18387236479076008,
           0.11332668265769096,
           -0.1135827384332759,
           0.18946896373710756,
           -0.14580310040849545,
           0.11976798351450432,
           1,
           0.12991481304061506,
           0.04310065658602942,
           0.18037347007785745,
           -0.07996223681885921,
           -0.2098723196428522,
           -0.21786479439827353,
           0.1836531899297193,
           0.2437834454923263
          ],
          [
           0.029640585705866113,
           0.3413312342606403,
           -0.19142875921157268,
           -0.16187100368767537,
           0.242951426833254,
           0.13481324186082008,
           0.5889899269525826,
           -0.058605906548631084,
           0.17629450269591418,
           -0.17844818726958073,
           0.6092454669558363,
           0.12991481304061506,
           1,
           -0.11760107416414974,
           0.15843774489541004,
           -0.03989753651945028,
           -0.1872416454797586,
           -0.18095238221833498,
           0.3432617722501239,
           0.35039793460461593
          ],
          [
           -0.12340499044463564,
           -0.5922362925926357,
           0.5506907453932752,
           0.00771154732619318,
           -0.027112636037520683,
           -0.09508499088595439,
           -0.09480197056648793,
           -0.0035218537602014874,
           -0.21089674627313934,
           0.01947592699776879,
           -0.10788546790410074,
           0.04310065658602942,
           -0.11760107416414974,
           1,
           -0.10808059984822807,
           -0.027800561586620996,
           0.1725917670389402,
           0.183146726954806,
           -0.2485898549046261,
           -0.21184020050163221
          ],
          [
           0.09642148485469197,
           0.44132180991356496,
           -0.2550347325077516,
           -0.09809202043044435,
           0.4434327894751658,
           0.9592988569672184,
           0.04184950025350453,
           -0.06476758967009412,
           0.2661139730639117,
           -0.1003312627386841,
           0.1568086898165069,
           0.18037347007785745,
           0.15843774489541004,
           -0.10808059984822807,
           1,
           -0.020368964304488483,
           -0.27749834542066154,
           -0.2779585540787128,
           0.44685551061622986,
           0.4679469733645062
          ],
          [
           0.01256689337748074,
           -0.022304977802841897,
           -0.015011838123604479,
           0.6717583100250997,
           -0.02888023244930858,
           -0.016792141321812965,
           -0.1297226546503967,
           0.3219463766227996,
           -0.08141598206828445,
           0.6586796907106565,
           -0.04538657158389491,
           -0.07996223681885921,
           -0.03989753651945028,
           -0.027800561586620996,
           -0.020368964304488483,
           1,
           0.28252928034622227,
           0.27791337374069813,
           -0.00813246552354176,
           -0.040312419026834516
          ],
          [
           0.019756611280034142,
           -0.45783819334984416,
           0.27223004418323704,
           0.46341525622301777,
           -0.4037549896475883,
           -0.2550346029509551,
           -0.1294059539799348,
           0.1806415057342373,
           -0.5470175139952642,
           0.4647846984505456,
           -0.16406959345408154,
           -0.2098723196428522,
           -0.1872416454797586,
           0.1725917670389402,
           -0.27749834542066154,
           0.28252928034622227,
           1,
           0.9279134442386393,
           -0.4536788538689407,
           -0.4911992098537933
          ],
          [
           0.01412242223205193,
           -0.45750828676580096,
           0.28672288217555714,
           0.46190792452168566,
           -0.3862081893744056,
           -0.25563544240004926,
           -0.13325098509557512,
           0.17494621729955206,
           -0.5540939811178432,
           0.4622893812693002,
           -0.17448925069180868,
           -0.21786479439827353,
           -0.18095238221833498,
           0.183146726954806,
           -0.2779585540787128,
           0.27791337374069813,
           0.9279134442386393,
           1,
           -0.43848372115044115,
           -0.4724820295664819
          ],
          [
           0.12289178011110663,
           0.7210825929172864,
           -0.44220328763116346,
           -0.13475386311017992,
           0.561074332137327,
           0.40216973584811605,
           0.18492097001836738,
           -0.05827725578548968,
           0.51050483068018,
           -0.14809727582639554,
           0.3146815941255956,
           0.1836531899297193,
           0.3432617722501239,
           -0.2485898549046261,
           0.44685551061622986,
           -0.00813246552354176,
           -0.4536788538689407,
           -0.43848372115044115,
           1,
           0.7847405811682984
          ],
          [
           0.08873178653230088,
           0.7276300323211043,
           -0.4211705232348179,
           -0.21437190029219005,
           0.6169748090003161,
           0.422088454191989,
           0.21518159338370538,
           -0.11566048090047963,
           0.5548439025517072,
           -0.22601261739668616,
           0.3501466010592101,
           0.2437834454923263,
           0.35039793460461593,
           -0.21184020050163221,
           0.4679469733645062,
           -0.040312419026834516,
           -0.4911992098537933,
           -0.4724820295664819,
           0.7847405811682984,
           1
          ]
         ]
        }
       ],
       "layout": {
        "coloraxis": {
         "colorscale": [
          [
           0,
           "#0d0887"
          ],
          [
           0.1111111111111111,
           "#46039f"
          ],
          [
           0.2222222222222222,
           "#7201a8"
          ],
          [
           0.3333333333333333,
           "#9c179e"
          ],
          [
           0.4444444444444444,
           "#bd3786"
          ],
          [
           0.5555555555555556,
           "#d8576b"
          ],
          [
           0.6666666666666666,
           "#ed7953"
          ],
          [
           0.7777777777777778,
           "#fb9f3a"
          ],
          [
           0.8888888888888888,
           "#fdca26"
          ],
          [
           1,
           "#f0f921"
          ]
         ]
        },
        "margin": {
         "t": 60
        },
        "template": {
         "data": {
          "bar": [
           {
            "error_x": {
             "color": "#2a3f5f"
            },
            "error_y": {
             "color": "#2a3f5f"
            },
            "marker": {
             "line": {
              "color": "#E5ECF6",
              "width": 0.5
             },
             "pattern": {
              "fillmode": "overlay",
              "size": 10,
              "solidity": 0.2
             }
            },
            "type": "bar"
           }
          ],
          "barpolar": [
           {
            "marker": {
             "line": {
              "color": "#E5ECF6",
              "width": 0.5
             },
             "pattern": {
              "fillmode": "overlay",
              "size": 10,
              "solidity": 0.2
             }
            },
            "type": "barpolar"
           }
          ],
          "carpet": [
           {
            "aaxis": {
             "endlinecolor": "#2a3f5f",
             "gridcolor": "white",
             "linecolor": "white",
             "minorgridcolor": "white",
             "startlinecolor": "#2a3f5f"
            },
            "baxis": {
             "endlinecolor": "#2a3f5f",
             "gridcolor": "white",
             "linecolor": "white",
             "minorgridcolor": "white",
             "startlinecolor": "#2a3f5f"
            },
            "type": "carpet"
           }
          ],
          "choropleth": [
           {
            "colorbar": {
             "outlinewidth": 0,
             "ticks": ""
            },
            "type": "choropleth"
           }
          ],
          "contour": [
           {
            "colorbar": {
             "outlinewidth": 0,
             "ticks": ""
            },
            "colorscale": [
             [
              0,
              "#0d0887"
             ],
             [
              0.1111111111111111,
              "#46039f"
             ],
             [
              0.2222222222222222,
              "#7201a8"
             ],
             [
